00010119970101        
00110219970101        
00210319970101        
00512419970101        
00820319970101        
03011619980711        
03110519970101        
03210619970101        
03510919970101        
03711119970101        
03911319970101        
04011419970101        
04211619970101        
04710120020101        
04810120020101        
10411619980711        
12710620021001        
13024920150701        
13910920000930        
14216120020914        
14410220141101        
14511119971101        
15010920130201        
15111419990101        
15910920011215        
16311420030301        
16916020090801        
17019320020330        
17711120010929        
18010520030913        
18323620060930        
18517120050115        
19010620021001        
19621220110316        
19710520020815        
19810920130201        
20119320020330        
20219320020330        
20519320020330        
20616120120804        
21019320020801        
21119320020330        
23417520130101        
60210620021001        
60312819970101        
60524920150701        
60713219970101        
61019120010714        
61213719970101        
61410920000930        
61716120020914        
61910220141101        
62011119971101        
62114619970101        
62214719970101        
62510920130201        
62611419990101        
63015419970101        
63215619970101        
63415819970101        
63510920011215        
63616019970101        
63716119970101        
63911420030301        
64210120020101        
64316719970101        
64416819970101        
64516020090801        
64619320020330        
64717119970101        
65117519970101        
65311120010929        
65610520030913        
65923620060930        
66018419970101        
66117120050115        
66223520071101        
66318719970101        
66418819970101        
66518919970101        
66610620021001        
70019119970101        
70110120020101        
70219319970101        
70319419970101        
70621220110316        
70810920130201        
71020019970101        
71119320020330        
71219320020330        
